
v 0 0 0
v 3 0 3
v 3 3 3
v 0 3 3 
v 0 0 3
v 3 0 0
v 3 3 0
v 0 3 0
v 0 0 0
v 3 8 3
v 3 11 3
v 0 11 3
v 0 8 3
v 3 8 0
v 3 11 0
v 0 11 0
v 0 8 0
v 11 8 3
v 11 11 3
v 8 11 3
v 8 8 3
v 11 8 0
v 11 11 0
v 8 11 0
v 8 8 0
v 11 0 3
v 11 3 3
v 8 3 3
v 8 0 3
v 11 0 0
v 11 3 0
v 8 3 0
v 8 0 0 
v 3 0 11
v 3 3 11
v 0 3 11
v 0 0 11
v 3 0 8
v 3 3 8
v 0 3 8
v 0 0 8
v 3 8 11
v 3 11 11 
v 0 11 11
v 0 8 11
v 3 8 8
v 3 11 8
v 0 11 8
v 0 8 8
v 11 8 11
v 11 11 11
v 8 11 11
v 8 8 11
v 11 8 8 
v 11 11 8
v 8 11 8
v 8 8 8
v 11 0 11
v 11 3 11
v 8 3 11
v 8 0 11
v 11 0 8
v 11 3 8
v 8 3 8
v 8 0 8
v 1 3 1
v 2 3 1
v 2 3 2
v 1 3 2
v 1 8 1
v 2 8 1
v 2 8 2
v 1 8 2
v 9 3 1
v 10 3 1
v 10 3 2
v 9 3 2
v 9 8 1
v 10 8 1
v 10 8 2
v 9 8 2
v 1 3 9
v 2 3 9
v 2 3 10
v 1 3 10
v 1 8 9
v 2 8 9
v 2 8 10
v 1 8 10
v 9 3 9
v 10 3 9
v 10 3 10
v 9 3 10
v 9 8 9
v 10 8 9
v 10 8 10
v 9 8 10
v 8 1 1
v 8 2 1
v 8 2 2
v 8 1 2
v 3 1 1
v 3 2 1
v 3 2 2
v 3 1 2
v 8 9 1
v 8 10 1
v 8 10 2
v 8 9 2
v 3 9 1
v 3 10 1
v 3 10 2
v 3 9 2
v 8 1 9
v 8 2 9
v 8 2 10
v 8 1 10
v 3 1 9
v 3 2 9
v 3 2 10
v 3 1 10
v 8 9 9
v 8 10 9
v 8 10 10
v 8 9 10
v 3 9 9
v 3 10 9
v 3 10 10
v 3 9 10
v 10 1 3
v 10 2 3
v 9 2 3
v 9 1 3
v 10 1 8
v 10 2 8
v 9 2 8
v 9 1 8
v 2 1 3
v 2 2 3
v 1 2 3
v 1 1 3
v 2 1 8
v 2 2 8
v 1 2 8
v 1 1 8
v 2 9 3
v 2 10 3
v 1 10 3
v 1 9 3
v 2 9 8
v 2 10 8
v 1 10 8
v 1 9 8
v 10 9 3
v 10 10 3
v 9 10 3
v 9 9 3
v 10 9 8
v 10 10 8
v 9 10 8
v 9 9 8

f 2 3 4 5
f 2 6 7 3
f 3 7 8 4
f 4 8 9 5
f 5 9 6 2
f 9 8 7 6
f 10 11 12 13
f 10 14 15 11
f 11 15 16 12
f 12 16 17 13
f 13 17 14 10
f 17 16 15 14
f 18 19 20 21
f 18 22 23 19
f 19 23 24 20
f 20 24 25 21
f 21 25 22 18
f 25 24 23 22
f 26 27 28 29
f 26 30 31 27
f 27 31 32 28
f 28 32 33 29
f 29 33 30 26
f 33 32 31 30
f 34 35 36 37
f 34 38 39 35
f 35 39 40 36
f 36 40 41 37
f 37 41 38 34
f 41 40 39 38
f 42 43 44 45
f 42 46 47 43
f 43 47 48 44
f 44 48 49 45
f 45 49 46 42
f 49 48 47 46
f 50 51 52 53
f 50 54 55 51
f 51 55 56 52
f 52 56 57 53
f 53 57 54 50
f 57 56 55 54
f 58 59 60 61
f 58 62 63 59
f 59 63 64 60
f 60 64 65 61
f 61 65 62 58
f 65 64 63 62
f 69 68 72 73
f 72 68 67 71
f 73 70 66 69
f 66 70 71 67
f 77 76 80 81
f 80 76 75 79
f 81 78 74 77
f 74 78 79 75
f 85 84 88 89
f 88 84 83 87
f 89 86 82 85
f 82 86 87 83
f 93 92 96 97
f 96 92 91 95
f 97 94 90 93
f 90 94 95 91
f 101 100 104 105
f 104 100 99 103
f 105 102 98 101
f 98 102 103 99
f 109 108 112 113
f 112 108 107 111
f 113 110 106 109
f 106 110 111 107
f 117 116 120 121
f 120 116 115 119
f 121 118 114 117
f 114 118 119 115
f 125 124 128 129
f 128 124 123 127
f 129 126 122 125
f 122 126 127 123
f 130 131 135 134
f 134 137 133 130
f 131 132 136 135
f 136 132 133 137
f 138 139 143 142
f 142 145 141 138
f 139 140 144 143
f 144 140 141 145
f 146 147 151 150
f 150 153 149 146
f 147 148 152 151
f 152 148 149 153
f 154 155 159 158
f 158 161 157 154
f 155 156 160 159
f 160 156 157 161
f 
f 
f 
f 